t1
t2
t3
t4
tfive
t6
t7
t8
t9
t10
t11
t12
R1
R2
R3
R4
R5
R6
R7
R8
R9
R10
R11
r12
1.
0.
1.
0.
0.
0.
0.
0.
0.
0.
0.
1.
0.
0.
0.
0.
0.
1.
0.
0.
0.
0.
0.
0.
0.
0.
0.
0.
0.
0.
0.
0.
0.
0.
0.
0.
0.
0.
0.
0.
1.
0.
1.
0.
0.
0.
0.
0.
1.
0.
1.
1.
0.
0.
0.
0.
0.
0.
1.
1.
1.
1.
1.
1.
0.
0.
0.
0.
1.
1.
1.
1.
1.
1.
0.
0.
0.
0.
1.
1.
1.
0.
0.
0.
1.
1.
1.
1.
1.
1.
0.
0.
0.
0.
1.
1.
1.
1.
1.
1.
0.
0.
0.
0.
0.
0.
0.
0.
0.
0.
0.
0.
1.
0.
1.
0.
0.
0.
0.
0.
1.
1.
0.
1.
0.
0.
0.
0.
0.
0.
0.
0.
1.
0.
0.
0.
0.
0.
1.
0.
0.
0.
7.
8.